算法,随机种子,评估序号,阶段,延迟_ns,能耗_nJ,面积_um2,功耗_W,精度,单次耗时_s,是否帕累托点,交叉阵列尺寸,ADC档位,DAC档位,PE阵列规模,Tile连接方式,片间带宽,片内带宽,附加JSON
random,44,1,random,5925491.606958955,2159155.28117978,1390522565.5109138,224.07489527750815,,2.8388819694519043,0,256x256,6,4,2x2,1,20,1024,{}
random,44,2,random,15468809.432555325,4946578.093523305,1253735419.0836034,229.3051367603446,,2.6486902236938477,0,256x256,4,4,4x4,1,40,1024,{}
random,44,3,random,15903481.085247833,5740412.947882585,1439827635.4036036,225.52706636034463,,2.467723846435547,0,256x256,6,2,4x4,2,40,512,{}
random,44,4,random,29134175.97551088,7578538.385046603,2344793379.3769155,74.90488182494107,,2.52463698387146,0,512x512,6,1,8x8,1,20,1024,{}
random,44,5,random,21835665.724388767,4447370.550918947,1939820712.4969165,13.612824016941065,,2.441500186920166,0,512x512,8,4,8x8,1,40,1024,{}
random,44,6,random,16065637.00469644,7362470.008665147,1439798738.1236033,224.8973879603446,,2.7341980934143066,0,256x256,6,1,4x4,2,40,512,{}
random,44,7,random,39985507.6013046,14010691.921595788,1624323961.586589,155.26274515759715,,3.3459713459014893,0,256x256,7,4,8x8,2,10,512,{}
random,44,8,random,4159425.053915906,2911707.225850988,1390358360.9669135,220.3439992775082,,2.784291982650757,0,256x256,6,2,2x2,2,80,512,{}
random,44,9,random,25945608.200170036,5586894.207144911,2062454952.496916,49.402941024941065,,3.223728895187378,0,512x512,7,4,8x8,3,80,1024,{}
random,44,10,random,43604317.714852326,19111511.34162109,1887839826.6745892,246.8972587575972,,3.095323085784912,0,256x256,6,1,8x8,0,10,512,{}
random,44,11,random,12370527.014071278,2693906.9441276425,1152740818.1236033,26.90026133634462,,2.0567758083343506,0,256x256,8,1,4x4,3,40,512,{}
random,44,12,random,4408851.203493901,4448843.521209404,1390330993.5429137,219.72218327750815,,2.0272958278656006,0,256x256,6,1,2x2,3,80,2048,{}
random,44,13,random,46092078.81423927,17253071.6397539,1887877903.090589,247.58197395759717,,2.81254506111145,0,256x256,6,2,8x8,3,10,2048,{}
random,44,14,random,5949074.663010603,1084841.5460518848,884941383.1245514,36.10522648678249,,2.1141300201416016,0,512x512,7,1,2x2,2,10,512,{}
random,44,15,random,39410091.90501551,14010691.921595788,1624323961.586589,155.26274515759715,,3.803630828857422,0,256x256,7,4,8x8,1,10,2048,{}
random,44,16,random,14459505.782541726,1698550.3279874078,1004164538.11784,8.718316719206628,,2.1605918407440186,0,512x512,8,1,4x4,2,10,512,{}
random,44,17,random,16194489.92204522,2856008.628690927,1213695508.22984,66.08759987120662,,2.1332361698150635,0,512x512,6,4,4x4,2,40,1024,{}
random,44,18,random,14104054.326732598,1693418.1621167667,1004227772.16584,9.946910319206626,,2.122546911239624,0,512x512,8,3,4x4,3,20,1024,{}
random,44,19,random,4642292.343954902,1679778.188230988,1200764760.9669135,133.09151927750816,,2.844122886657715,0,256x256,7,2,2x2,0,40,2048,{}
random,44,20,random,4507475.48298269,1035970.5633224761,893349238.2285513,60.20395128678248,,2.217214822769165,0,512x512,4,3,2x2,2,80,512,{}
random,44,21,random,4408851.203493901,4448843.521209404,1213926513.5429137,219.72218327750815,,2.877736806869507,0,256x256,4,1,2x2,3,80,2048,{}
random,44,22,random,26165544.87126388,5586894.207144911,2062454952.496916,49.402941024941065,,2.8799569606781006,0,512x512,7,4,8x8,1,20,512,{}
random,44,23,random,15845814.325560633,2837962.093420527,1213611196.1658404,64.44947507120662,,2.283876895904541,0,512x512,6,3,4x4,1,80,2048,{}
random,44,24,random,34052773.249742076,11148534.397241248,1509865337.586589,35.008845925597164,,3.124135971069336,0,256x256,8,4,8x8,2,10,512,{}
random,44,25,random,42165595.32333396,17253071.6397539,1887877903.090589,247.58197395759717,,3.6385979652404785,0,256x256,6,2,8x8,2,80,2048,{}
random,44,26,random,28962263.2426013,6853831.857660688,2344834175.536916,75.36158742494106,,3.2887649536132812,0,512x512,6,2,8x8,2,20,2048,{}
random,44,27,random,43917020.58763278,16326480.400301907,1887954055.922589,248.95140435759717,,4.523611068725586,0,256x256,6,3,8x8,2,10,1024,{}
random,44,28,random,4075756.733912071,2145356.7062805803,1214008615.8149135,221.58763127750822,,2.796854019165039,0,256x256,4,3,2x2,2,80,512,{}
random,44,29,random,28759822.92502338,6853831.857660688,2081870975.5369163,75.36158742494106,,2.6140120029449463,0,512x512,4,2,8x8,3,80,512,{}
random,44,30,random,13548512.037242616,2684600.1489854166,1152827509.9636033,28.789296536344615,,3.0843451023101807,0,256x256,8,3,4x4,3,20,1024,{}
random,44,31,random,28886235.105638716,6494229.481494131,2344915767.856916,76.27499862494106,,2.614010810852051,0,512x512,6,3,8x8,2,20,512,{}
random,44,32,random,17307565.52552402,4946578.093523305,1440001019.0836034,229.3051367603446,,2.4658830165863037,0,256x256,6,4,4x4,3,20,512,{}
random,44,33,random,46040361.32217681,16326480.400301907,1887954055.922589,248.95140435759717,,3.1830499172210693,0,256x256,6,3,8x8,3,10,1024,{}
random,44,34,random,38639552.7050165,13994336.11682139,1624171655.9225888,152.52388435759715,,3.3096530437469482,0,256x256,7,3,8x8,1,20,2048,{}
random,44,35,random,4610985.482982667,1035970.5633224761,1005108598.2285513,60.20395128678248,,2.2757058143615723,0,512x512,6,3,2x2,1,80,512,{}
random,44,36,random,28643071.325022746,6853831.857660688,2344834175.536916,75.36158742494106,,3.238179922103882,0,512x512,6,2,8x8,1,80,512,{}
random,44,37,random,12024178.947289012,1693195.326723247,1004185616.1338401,9.127847919206628,,2.2302000522613525,0,512x512,8,2,4x4,2,80,2048,{}
random,44,38,random,3688343.5678964313,1359668.67730058,1200819495.8149135,134.33515127750815,,2.625986099243164,0,256x256,7,3,2x2,2,80,1024,{}
random,44,39,random,11801864.514921673,2686115.3054760257,1152769715.4036033,27.529939736344616,,2.5645110607147217,0,256x256,8,2,4x4,0,40,2048,{}
random,44,40,random,38076636.87044523,14010691.921595788,1624323961.586589,155.26274515759715,,3.673257350921631,0,256x256,7,4,8x8,0,80,1024,{}
random,44,41,random,4961910.986937417,1329213.4080361456,1005073921.4925513,59.44778808678249,,2.297057867050171,0,512x512,6,2,2x2,3,40,2048,{}
random,44,42,random,8550605.606958969,2159155.28117978,1390522565.5109138,224.07489527750815,,2.3772406578063965,0,256x256,6,4,2x2,0,10,1024,{}
random,44,43,random,16174122.325560857,2856008.628690927,1077831188.22984,66.08759987120662,,2.062127113342285,0,512x512,4,4,4x4,1,40,2048,{}
random,44,44,random,4466286.527476937,1373467.2521997802,1200928965.5109136,136.82241527750816,,3.0994789600372314,0,256x256,7,4,2x2,1,40,1024,{}
random,44,45,random,3981011.355787073,1373467.2521997802,1200928965.5109136,136.82241527750816,,2.8154571056365967,0,256x256,7,4,2x2,0,80,512,{}
random,44,46,random,16450722.158763757,2305871.6484396267,1067673108.2298399,41.83287987120663,,2.2007601261138916,0,512x512,7,4,4x4,3,20,512,{}
random,44,47,random,4577262.083902259,431721.2155879321,832873846.2285514,8.600673318782485,,2.326723098754883,0,512x512,8,3,2x2,1,20,1024,{}
random,44,48,random,16851572.72556066,2837962.093420527,1077746876.16584,64.44947507120662,,2.89412784576416,0,512x512,4,3,4x4,2,20,2048,{}
random,44,49,random,14317530.95876382,2305871.6484396267,1067673108.2298399,41.83287987120663,,2.5846939086914062,0,512x512,7,4,4x4,2,80,512,{}
random,44,50,random,28893423.105638716,6511346.114991731,2345078952.496916,78.10182102494106,,2.928366184234619,0,512x512,6,4,8x8,1,20,512,{}
random,44,51,random,18219724.802030817,5740412.947882585,1253562035.4036033,225.52706636034463,,2.585344076156616,0,256x256,4,2,4x4,0,10,512,{}
random,44,52,random,8324184.003493859,4448843.521209404,1390330993.5429137,219.72218327750815,,2.3812127113342285,0,256x256,6,1,2x2,1,10,2048,{}
random,44,53,random,16816516.315013733,2837962.093420527,1077746876.16584,64.44947507120662,,2.153393030166626,0,512x512,4,3,4x4,1,20,512,{}
random,44,54,random,15738016.381937448,7362470.008665147,1439798738.1236033,224.8973879603446,,2.625990152359009,0,256x256,6,1,4x4,0,40,1024,{}
random,44,55,random,42458912.914852716,19111511.34162109,1887839826.6745892,246.8972587575972,,3.2245631217956543,0,256x256,6,1,8x8,1,40,512,{}
random,44,56,random,3394446.9293064657,708737.872341068,1118497624.9669137,24.27973050950817,,2.6504719257354736,1,256x256,8,2,2x2,1,80,1024,{}
random,44,57,random,12018174.146117168,1693195.326723247,1004185616.1338401,9.127847919206628,,1.9720618724822998,0,512x512,8,2,4x4,0,80,1024,{}
random,44,58,random,4507475.48298269,1035970.5633224761,1005108598.2285513,60.20395128678248,,1.9368550777435303,0,512x512,6,3,2x2,2,80,512,{}
random,44,59,random,32217467.69466407,11148534.397241248,1509865337.586589,35.008845925597164,,2.872001886367798,0,256x256,8,4,8x8,2,80,1024,{}
random,44,60,random,4763143.341135587,1920521.5611562848,1005056583.1245512,59.06970648678248,,2.0529160499572754,0,512x512,6,1,2x2,2,80,512,{}
random,44,61,random,4964870.302367104,1329213.4080361456,893314561.4925516,59.44778808678249,,2.03110408782959,0,512x512,4,2,2x2,3,40,512,{}
random,44,62,random,16187301.92204522,2837962.093420527,1213611196.1658404,64.44947507120662,,2.1316707134246826,0,512x512,6,3,4x4,2,40,1024,{}
random,44,63,random,18080216.934398234,3173273.222977087,1213569040.13384,63.63041267120662,,1.9244999885559082,0,512x512,6,2,4x4,3,20,512,{}
random,44,64,random,16173763.515013982,2837962.093420527,1213611196.1658404,64.44947507120662,,2.0190939903259277,0,512x512,6,3,4x4,1,40,512,{}
random,44,65,random,18243713.380198225,3849696.154141408,1213547962.1178398,63.220881471206624,,1.8389010429382324,0,512x512,6,1,4x4,3,20,1024,{}
random,44,66,random,22547291.33908568,4430544.468251009,1939575935.5369165,10.872590416941065,,2.832073926925659,0,512x512,8,2,8x8,1,10,512,{}
random,44,67,random,4584426.083902258,446724.43596553215,832943199.7005515,10.112999718782488,,2.3614561557769775,0,512x512,8,4,2x2,1,20,1024,{}
random,44,68,random,12338535.34728909,1693195.326723247,1004185616.1338401,9.127847919206628,,2.3372268676757812,0,512x512,8,2,4x4,1,40,2048,{}
random,44,69,random,29141902.96379213,7578538.385046603,2344793379.3769155,74.90488182494107,,2.982883930206299,0,512x512,6,1,8x8,2,20,512,{}
random,44,70,random,43430972.923334375,17253071.6397539,1887877903.090589,247.58197395759717,,3.3292369842529297,0,256x256,6,2,8x8,0,10,2048,{}
random,44,71,random,15854854.32204501,2837962.093420527,1077746876.16584,64.44947507120662,,2.5388641357421875,0,512x512,4,3,4x4,2,80,1024,{}
random,44,72,random,15494368.016917197,2712279.8266901076,1067525562.1178398,38.966161471206625,,2.5428497791290283,0,512x512,7,1,4x4,0,20,512,{}
random,44,73,random,22202448.084886048,4436627.3449631315,1939535139.3769164,10.415884816941066,,3.720637798309326,0,512x512,8,1,8x8,0,20,2048,{}
random,44,74,random,14259745.880882509,2686115.3054760257,1152769715.4036033,27.529939736344616,,2.8149659633636475,0,256x256,8,2,4x4,1,10,1024,{}
random,44,75,random,14644970.486498345,2305871.6484396267,1067673108.2298399,41.83287987120663,,2.6256649494171143,0,512x512,7,4,4x4,2,40,2048,{}
random,44,76,random,6156473.0434823865,2159155.28117978,1390522565.5109138,224.07489527750815,,2.971055746078491,0,256x256,6,4,2x2,0,20,2048,{}
random,44,77,random,4775721.532235187,4448843.521209404,1390330993.5429137,219.72218327750815,,3.336786985397339,0,256x256,6,1,2x2,3,40,2048,{}
random,44,78,random,6765749.451706888,1084841.5460518848,884941383.1245514,36.10522648678249,,2.1644599437713623,0,512x512,7,1,2x2,0,10,1024,{}
random,44,79,random,22495643.426732503,4447370.550918947,1939820712.4969165,13.612824016941065,,2.7274038791656494,0,512x512,8,4,8x8,1,10,2048,{}
random,44,80,random,4760184.025705899,1920521.5611562848,1005056583.1245512,59.06970648678248,,2.162134885787964,0,512x512,6,1,2x2,2,80,2048,{}
random,44,81,random,32472280.49466493,11132178.592466848,1509713031.9225888,32.26998512559716,,3.174884080886841,0,256x256,8,3,8x8,2,40,1024,{}
random,44,82,random,4936749.606029541,1035970.5633224761,1005108598.2285513,60.20395128678248,,2.1366829872131348,0,512x512,6,3,2x2,1,40,1024,{}
random,44,83,random,18447164.17316672,3849696.154141408,1077683642.1178398,63.220881471206624,,2.3886680603027344,0,512x512,4,1,4x4,2,10,512,{}
random,44,84,random,5256218.2665262,436485.5739678527,832821831.1245515,7.466428518782486,,2.218730926513672,0,512x512,8,1,2x2,2,10,1024,{}
random,44,85,random,18098056.32204556,2837962.093420527,1077746876.16584,64.44947507120662,,2.7242848873138428,0,512x512,4,3,4x4,1,10,1024,{}
random,44,86,random,8164425.023951153,1373467.2521997802,1200928965.5109136,136.82241527750816,,2.522602081298828,0,256x256,7,4,2x2,0,10,2048,{}
random,44,87,random,4801860.448021752,728585.5932356762,885062751.7005514,38.75179768678249,,1.9143579006195068,0,512x512,7,4,2x2,2,20,2048,{}
random,44,88,random,15146116.145794986,5740412.947882585,1253562035.4036033,225.52706636034463,,2.724066972732544,0,256x256,4,2,4x4,0,80,2048,{}
random,44,89,random,14298571.286498195,2287825.113169227,1067588796.1658399,40.19475507120662,,2.335667848587036,0,512x512,7,3,4x4,0,80,2048,{}
random,44,90,random,14866367.702073378,2712279.8266901076,1067525562.1178398,38.966161471206625,,2.2343292236328125,0,512x512,7,1,4x4,2,40,1024,{}
random,44,91,random,28759822.92502338,6853831.857660688,2344834175.536916,75.36158742494106,,2.824232816696167,0,512x512,6,2,8x8,3,80,512,{}
random,44,92,random,28643071.325022746,6853831.857660688,2344834175.536916,75.36158742494106,,3.2675390243530273,0,512x512,6,2,8x8,2,80,512,{}
random,44,93,random,22059361.519701533,4447370.550918947,1939820712.4969165,13.612824016941065,,4.207704067230225,0,512x512,8,4,8x8,0,20,512,{}
random,44,94,random,15971581.525524048,4931765.080326505,1253619829.9636033,226.78642316034464,,3.2100000381469727,0,256x256,4,3,4x4,3,40,512,{}
random,44,95,random,20542307.33439843,3173273.222977087,1077704720.13384,63.63041267120662,,2.443391799926758,0,512x512,4,2,4x4,3,10,512,{}
random,44,96,random,15974122.232555298,4946578.093523305,1253735419.0836034,229.3051367603446,,3.568188190460205,0,256x256,4,4,4x4,3,40,1024,{}
random,44,97,random,12969099.127904452,1693418.1621167667,1004227772.16584,9.946910319206626,,2.119978904724121,0,512x512,8,3,4x4,2,20,2048,{}
random,44,98,random,28881832.62321684,6511346.114991731,2082115752.496916,78.10182102494106,,3.0611870288848877,0,512x512,4,4,8x8,0,20,2048,{}
random,44,99,random,5095570.445711728,4448843.521209404,1390330993.5429137,219.72218327750815,,3.0012171268463135,0,256x256,6,1,2x2,1,40,1024,{}
random,44,100,random,14370618.58254172,1698550.3279874078,1004164538.11784,8.718316719206628,,2.2404332160949707,0,512x512,8,1,4x4,0,10,512,{}
random,44,101,random,21716629.826733053,4430253.917421347,1939657527.8569164,11.786001616941066,,2.9918198585510254,0,512x512,8,3,8x8,0,80,2048,{}
random,44,102,random,25899703.219554037,5719747.506933869,2062210175.5369163,46.66270742494106,,2.8116443157196045,0,512x512,7,2,8x8,0,80,1024,{}
random,44,103,random,25828856.600170534,5586894.207144911,2062454952.496916,49.402941024941065,,3.0018150806427,0,512x512,7,4,8x8,2,80,1024,{}
random,44,104,random,3592879.3687248724,446724.43596553215,832943199.7005515,10.112999718782488,,2.2344839572906494,0,512x512,8,4,2x2,1,80,2048,{}
random,44,105,random,6131464.00602961,1050973.7837000762,1005177951.7005513,61.716277686782476,,1.7861719131469727,0,512x512,6,4,2x2,2,10,1024,{}
random,44,106,random,21981926.484885767,4436627.3449631315,1939535139.3769164,10.415884816941066,,2.51647686958313,0,512x512,8,1,8x8,2,40,2048,{}
random,44,107,random,25945023.27126379,5586894.207144911,2062454952.496916,49.402941024941065,,2.9146270751953125,0,512x512,7,4,8x8,2,40,512,{}
random,44,108,random,29334466.305638723,6511346.114991731,2082115752.496916,78.10182102494106,,3.2473950386047363,0,512x512,4,4,8x8,0,10,512,{}
random,44,109,random,42017057.3636092,16342836.205076309,1642674041.586589,251.6902651575972,,3.3613839149475098,0,256x256,4,4,8x8,1,80,2048,{}
random,44,110,random,32145007.717125017,11148534.397241248,1509865337.586589,35.008845925597164,,3.770585775375366,0,256x256,8,4,8x8,0,80,2048,{}
random,44,111,random,16447522.573167186,3849696.154141408,1077683642.1178398,63.220881471206624,,2.091540813446045,0,512x512,4,1,4x4,2,40,512,{}
random,44,112,random,46094482.43826271,17253071.6397539,1642445583.090589,247.58197395759717,,3.0723021030426025,0,256x256,4,2,8x8,3,10,1024,{}
random,44,113,random,16823704.315013733,2856008.628690927,1213695508.22984,66.08759987120662,,2.3126308917999268,0,512x512,6,4,4x4,0,20,512,{}
random,44,114,random,14457988.184885476,1698550.3279874078,1004164538.11784,8.718316719206628,,2.19049072265625,0,512x512,8,1,4x4,2,10,1024,{}
random,44,115,random,5301601.463010747,1084841.5460518848,884941383.1245514,36.10522648678249,,2.2201759815216064,0,512x512,7,1,2x2,3,20,512,{}
random,44,116,random,38861361.149618834,15160878.712540573,1624057426.674589,150.46973875759716,,3.114267110824585,0,256x256,7,1,8x8,0,20,1024,{}
random,44,117,random,32466697.694664862,11148534.397241248,1509865337.586589,35.008845925597164,,3.5403449535369873,0,256x256,8,4,8x8,3,80,1024,{}
random,44,118,random,42582823.76361034,16326480.400301907,1887954055.922589,248.95140435759717,,3.6402387619018555,0,256x256,6,3,8x8,1,20,2048,{}
random,44,119,random,44001566.547357835,17253071.6397539,1887877903.090589,247.58197395759717,,3.1674270629882812,0,256x256,6,2,8x8,2,10,1024,{}
random,44,120,random,28741741.64260151,6853831.857660688,2081870975.5369163,75.36158742494106,,2.8022818565368652,0,512x512,4,2,8x8,0,40,2048,{}
random,44,121,random,17076454.685248125,5740412.947882585,1439827635.4036036,225.52706636034463,,2.3309991359710693,0,256x256,6,2,4x4,2,20,512,{}
random,44,122,random,4953014.043482394,2145356.7062805803,1390413095.8149137,221.58763127750822,,2.7100422382354736,0,256x256,6,3,2x2,0,40,2048,{}
random,44,123,random,5101182.408373303,431721.2155879321,832873846.2285514,8.600673318782485,,2.2197749614715576,0,512x512,8,3,2x2,2,10,1024,{}
random,44,124,random,4216952.287900284,1679778.188230988,1200764760.9669135,133.09151927750816,,2.7836780548095703,0,256x256,7,2,2x2,3,40,1024,{}
random,44,125,random,4531876.593492567,2145356.7062805803,1214008615.8149135,221.58763127750822,,2.9129951000213623,0,256x256,4,3,2x2,3,40,512,{}
random,44,126,random,4142435.96789644,1359668.67730058,1200819495.8149135,134.33515127750815,,2.9105758666992188,0,256x256,7,3,2x2,3,40,1024,{}
random,44,127,random,32511939.654387955,11134068.811163003,1509636879.090589,30.900554725597164,,3.5483388900756836,0,256x256,8,2,8x8,3,80,1024,{}
random,44,128,random,32607827.59629788,11143106.471518511,1509598802.674589,30.215839525597165,,3.4104392528533936,0,256x256,8,1,8x8,3,80,2048,{}
random,44,129,random,12368329.367586903,2693906.9441276425,1152740818.1236033,26.90026133634462,,2.5075247287750244,0,256x256,8,1,4x4,3,40,2048,{}
random,44,130,random,29353079.505638726,6494229.481494131,2081952567.856916,76.27499862494106,,3.476017951965332,0,512x512,4,3,8x8,3,20,512,{}
random,44,131,random,46042397.69815337,16342836.205076309,1888106361.586589,251.6902651575972,,3.5970520973205566,0,256x256,6,4,8x8,3,10,2048,{}
random,44,132,random,3491290.5986109884,716152.2491661077,1118470257.5429137,23.657914509508167,,3.2563960552215576,1,256x256,8,1,2x2,1,80,512,{}
random,44,133,random,4406825.653216638,2911707.225850988,1213953880.9669135,220.3439992775082,,2.7712278366088867,0,256x256,4,2,2x2,1,80,512,{}
random,44,134,random,16762966.725561144,2856008.628690927,1077831188.22984,66.08759987120662,,2.63641619682312,0,512x512,4,4,4x4,3,40,2048,{}
random,44,135,random,18902285.84392022,2287825.113169227,1067588796.1658399,40.19475507120662,,2.614516019821167,0,512x512,7,3,4x4,3,10,1024,{}
random,44,136,random,4320375.066539432,2145356.7062805803,1390413095.8149137,221.58763127750822,,2.824604034423828,0,256x256,6,3,2x2,1,80,1024,{}
random,44,137,random,5454506.264182469,1920521.5611562848,893297223.1245514,59.06970648678248,,2.0642740726470947,0,512x512,4,1,2x2,2,20,1024,{}
random,44,138,random,12302551.927904595,1693418.1621167667,1004227772.16584,9.946910319206626,,2.6644370555877686,0,512x512,8,3,4x4,2,40,2048,{}
random,44,139,random,29326739.317357473,6511346.114991731,2082115752.496916,78.10182102494106,,2.8984389305114746,0,512x512,4,4,8x8,1,10,1024,{}
random,44,140,random,38069700.87044523,13994336.11682139,1624171655.9225888,152.52388435759715,,3.4701406955718994,0,256x256,7,3,8x8,0,80,1024,{}
random,44,141,random,6538910.5735507645,713582.3728580761,884993398.2285513,37.23947128678249,,2.016507148742676,0,512x512,7,3,2x2,0,10,2048,{}
random,44,142,random,8080043.043482402,2145356.7062805803,1214008615.8149135,221.58763127750822,,3.832205057144165,0,256x256,4,3,2x2,1,10,2048,{}
random,44,143,random,4514663.48298269,1050973.7837000762,1005177951.7005513,61.716277686782476,,2.085818290710449,0,512x512,6,4,2x2,2,80,512,{}
random,44,144,random,18183398.54494482,3173273.222977087,1213569040.13384,63.63041267120662,,2.093806743621826,0,512x512,6,2,4x4,1,10,2048,{}
random,44,145,random,3961036.76789634,1359668.67730058,1200819495.8149135,134.33515127750815,,2.48388409614563,0,256x256,7,3,2x2,2,40,1024,{}
random,44,146,random,4823148.586937437,1329213.4080361456,1005073921.4925513,59.44778808678249,,2.070359706878662,0,512x512,6,2,2x2,2,40,2048,{}
random,44,147,random,42682508.32107528,14381431.241073383,1624095503.090589,151.15445395759716,,3.513108015060425,0,256x256,7,2,8x8,3,10,1024,{}
random,44,148,random,3924408.4688831177,721046.8869365482,1118661829.5109136,28.010626509508167,,2.6729671955108643,0,256x256,8,4,2x2,2,20,1024,{}
random,44,149,random,15819278.186070975,4946578.093523305,1440001019.0836034,229.3051367603446,,2.6785378456115723,0,256x256,6,4,4x4,2,40,2048,{}
random,44,150,random,11722552.334899025,2699413.1621822165,1152943099.0836034,31.308010136344617,,2.7955729961395264,0,256x256,8,4,4x4,1,40,512,{}
random,44,151,random,13697377.36758664,2693906.9441276425,1152740818.1236033,26.90026133634462,,2.92655086517334,0,256x256,8,1,4x4,3,20,2048,{}
random,44,152,random,46040361.32217681,16326480.400301907,1642521735.9225888,248.95140435759717,,4.075326919555664,0,256x256,4,3,8x8,3,10,1024,{}
random,44,153,random,18678132.42618049,4828817.613848307,1239606738.1236033,136.7847479603446,,3.0793449878692627,0,256x256,7,1,4x4,3,10,2048,{}
random,44,154,random,28753332.125023387,6853831.857660688,2081870975.5369163,75.36158742494106,,3.138967752456665,0,512x512,4,2,8x8,1,40,512,{}
random,44,155,random,38395560.00130569,13994336.11682139,1624171655.9225888,152.52388435759715,,3.203092098236084,0,256x256,7,3,8x8,3,80,512,{}
random,44,156,random,38913220.80130552,14010691.921595788,1624323961.586589,155.26274515759715,,3.590914011001587,0,256x256,7,4,8x8,3,40,512,{}
random,44,157,random,11554207.488414401,2684600.1489854166,1152827509.9636033,28.789296536344615,,2.890927791595459,0,256x256,8,3,4x4,3,80,2048,{}
random,44,158,random,15825871.125524102,4946578.093523305,1253735419.0836034,229.3051367603446,,3.0332040786743164,0,256x256,4,4,4x4,2,40,512,{}
random,44,159,random,32358597.596297506,11143106.471518511,1509598802.674589,30.215839525597165,,4.145807981491089,0,256x256,8,1,8x8,2,80,2048,{}
random,44,160,random,15814539.83255535,4931765.080326505,1439885429.9636033,226.78642316034464,,3.375114917755127,0,256x256,6,3,4x4,2,40,1024,{}
random,44,161,random,39478453.86474053,14381431.241073383,1624095503.090589,151.15445395759716,,3.8766860961914062,0,256x256,7,2,8x8,0,10,2048,{}
random,44,162,random,26155892.322776224,6025189.148559784,2062169379.376916,46.20600182494107,,3.400827169418335,0,512x512,7,1,8x8,1,40,2048,{}
random,44,163,random,28803393.57551045,7578538.385046603,2344793379.3769155,74.90488182494107,,3.3739800453186035,0,512x512,6,1,8x8,2,80,1024,{}
random,44,164,random,15217393.043920463,2305871.6484396267,1067673108.2298399,41.83287987120663,,2.666139841079712,0,512x512,7,4,4x4,3,40,1024,{}
random,44,165,random,4549830.3863514755,835727.9426917456,884958721.4925516,36.483308086782486,,2.073180913925171,0,512x512,7,2,2x2,3,40,1024,{}
random,44,166,random,42010121.3636092,16326480.400301907,1887954055.922589,248.95140435759717,,3.6525511741638184,0,256x256,6,3,8x8,1,80,2048,{}
random,44,167,random,26013501.884007618,5719747.506933869,2062210175.5369163,46.66270742494106,,3.1063430309295654,0,512x512,7,2,8x8,3,80,2048,{}
random,44,168,random,25938420.200170036,5569777.573647311,2062291767.856916,47.57611862494107,,3.672287940979004,0,512x512,7,3,8x8,3,80,1024,{}
random,44,169,random,16272644.144945363,3173273.222977087,1077704720.13384,63.63041267120662,,2.721560001373291,0,512x512,4,2,4x4,2,40,2048,{}
random,44,170,random,11607117.996966653,2686115.3054760257,1152769715.4036033,27.529939736344616,,2.9553468227386475,0,256x256,8,2,4x4,3,80,1024,{}
random,44,171,random,46044801.32217681,16342836.205076309,1642674041.586589,251.6902651575972,,3.4197938442230225,0,256x256,4,4,8x8,3,10,1024,{}
random,44,172,random,15641615.894622672,2686115.3054760257,1152769715.4036033,27.529939736344616,,2.988548994064331,0,256x256,8,2,4x4,2,10,512,{}
random,44,173,random,26009964.0195545,5719747.506933869,2062210175.5369163,46.66270742494106,,3.3055460453033447,0,512x512,7,2,8x8,1,40,1024,{}
random,44,174,random,5641974.1153674275,1373467.2521997802,1200928965.5109136,136.82241527750816,,3.440716028213501,0,256x256,7,4,2x2,2,10,512,{}
random,44,175,random,5197851.967553017,1035970.5633224761,893349238.2285513,60.20395128678248,,2.6897380352020264,0,512x512,4,3,2x2,2,20,2048,{}
random,44,176,random,43353362.96360932,16342836.205076309,1888106361.586589,251.6902651575972,,3.36627197265625,0,256x256,6,4,8x8,0,10,2048,{}
random,44,177,random,12439496.586057642,1698550.3279874078,1004164538.11784,8.718316719206628,,2.334465980529785,0,512x512,8,1,4x4,1,40,2048,{}
random,44,178,random,4249321.126962658,2911707.225850988,1390358360.9669135,220.3439992775082,,2.581831932067871,0,256x256,6,2,2x2,3,80,1024,{}
random,44,179,random,34042773.29466395,11132178.592466848,1509713031.9225888,32.26998512559716,,3.9166359901428223,0,256x256,8,3,8x8,2,10,1024,{}
random,44,180,random,40197529.480477266,15160878.712540573,1624057426.674589,150.46973875759716,,3.2244300842285156,0,256x256,7,1,8x8,2,10,512,{}
random,44,181,random,26152451.000170134,5569777.573647311,2062291767.856916,47.57611862494107,,2.8942809104919434,0,512x512,7,3,8x8,1,20,1024,{}
random,44,182,random,15964988.586070923,4931765.080326505,1253619829.9636033,226.78642316034464,,2.7906439304351807,0,256x256,4,3,4x4,3,40,2048,{}
random,44,183,random,11713418.68841465,2684600.1489854166,1152827509.9636033,28.789296536344615,,2.602908134460449,0,256x256,8,3,4x4,1,40,2048,{}
random,44,184,random,14209471.885248188,2684600.1489854166,1152827509.9636033,28.789296536344615,,3.0393872261047363,0,256x256,8,3,4x4,1,10,512,{}
random,44,185,random,4446486.626263513,2911707.225850988,1390358360.9669135,220.3439992775082,,3.1036899089813232,0,256x256,6,2,2x2,0,80,1024,{}
random,44,186,random,4698028.706174801,1084841.5460518848,884941383.1245514,36.10522648678249,,2.1813180446624756,0,512x512,7,1,2x2,3,40,2048,{}
random,44,187,random,3861630.998180052,707248.3120373482,1118552359.8149135,25.52336250950817,,3.1135942935943604,0,256x256,8,3,2x2,1,40,512,{}
random,44,188,random,14216347.885248188,2699413.1621822165,1152943099.0836034,31.308010136344617,,2.735316038131714,0,256x256,8,4,4x4,1,10,512,{}
random,44,189,random,6381916.741135626,1920521.5611562848,1005056583.1245512,59.06970648678248,,2.1249632835388184,0,512x512,6,1,2x2,2,10,512,{}
random,44,190,random,6381916.741135626,1920521.5611562848,893297223.1245514,59.06970648678248,,2.2441179752349854,0,512x512,4,1,2x2,2,10,512,{}
random,44,191,random,14396293.714154085,4148567.5853857454,1239635635.4036033,137.4144263603446,,3.6041758060455322,0,256x256,7,2,4x4,2,40,1024,{}
random,44,192,random,14530495.216916984,2712279.8266901076,1067525562.1178398,38.966161471206625,,3.0405638217926025,0,512x512,7,1,4x4,0,80,512,{}
random,44,193,random,4802543.366967064,728585.5932356762,885062751.7005514,38.75179768678249,,2.3159918785095215,0,512x512,7,4,2x2,2,20,1024,{}
random,44,194,random,42330279.36361043,16326480.400301907,1642521735.9225888,248.95140435759717,,3.697463035583496,0,256x256,4,3,8x8,3,80,2048,{}
random,44,195,random,7636299.032103373,708737.872341068,1118497624.9669137,24.27973050950817,,3.487887144088745,0,256x256,8,2,2x2,0,10,1024,{}
random,44,196,random,42589759.76361034,16342836.205076309,1642674041.586589,251.6902651575972,,4.109103202819824,0,256x256,4,4,8x8,0,20,2048,{}
random,44,197,random,26178472.471263885,5586894.207144911,2062454952.496916,49.402941024941065,,3.581928014755249,0,512x512,7,4,8x8,3,40,512,{}
random,44,198,random,4167537.9339119485,2145356.7062805803,1214008615.8149135,221.58763127750822,,2.9081239700317383,0,256x256,4,3,2x2,3,80,512,{}
random,44,199,random,28927872.163791686,7578538.385046603,2081830179.376916,74.90488182494107,,3.5730929374694824,0,512x512,4,1,8x8,3,80,512,{}
random,44,200,random,3436174.85930254,708737.872341068,1118497624.9669137,24.27973050950817,,3.5094826221466064,0,256x256,8,2,2x2,0,80,512,{}
random,44,201,random,15385010.545794936,5740412.947882585,1253562035.4036033,225.52706636034463,,3.2929909229278564,0,256x256,4,2,4x4,3,80,2048,{}
random,44,202,random,22674053.777854796,4436627.3449631315,1939535139.3769164,10.415884816941066,,3.552341938018799,0,512x512,8,1,8x8,3,20,512,{}
random,44,203,random,5615296.082982696,1050973.7837000762,893418591.7005514,61.716277686782476,,2.317997932434082,0,512x512,4,4,2x2,0,20,512,{}
random,44,204,random,19965661.525523458,4946578.093523305,1440001019.0836034,229.3051367603446,,3.2622129917144775,0,256x256,6,4,4x4,3,10,512,{}
random,44,205,random,14268139.746116873,1693195.326723247,1004185616.1338401,9.127847919206628,,2.398210048675537,0,512x512,8,2,4x4,0,10,1024,{}
random,44,206,random,38655040.401305564,14010691.921595788,1624323961.586589,155.26274515759715,,3.6580119132995605,0,256x256,7,4,8x8,0,20,512,{}
random,44,207,random,15307400.586070493,4946578.093523305,1253735419.0836034,229.3051367603446,,2.684890031814575,0,256x256,4,4,4x4,3,80,2048,{}
random,44,208,random,4850773.193492564,2145356.7062805803,1214008615.8149135,221.58763127750822,,2.6044230461120605,0,256x256,4,3,2x2,1,40,512,{}
random,44,209,random,33001182.117125783,11148534.397241248,1509865337.586589,35.008845925597164,,2.866718053817749,0,256x256,8,4,8x8,2,20,2048,{}
random,44,210,random,34047178.00946704,11134068.811163003,1509636879.090589,30.900554725597164,,2.8206799030303955,0,256x256,8,2,8x8,3,20,512,{}
random,44,211,random,12982046.94611699,1693195.326723247,1004185616.1338401,9.127847919206628,,1.8673899173736572,0,512x512,8,2,4x4,1,20,1024,{}
random,44,212,random,16523960.128997667,4148567.5853857454,1239635635.4036033,137.4144263603446,,3.23068904876709,0,256x256,7,2,4x4,1,10,512,{}
random,44,213,random,4631156.1536393305,431701.84715030564,832839169.4925516,7.8445101187824875,,2.5198678970336914,0,512x512,8,2,2x2,1,20,1024,{}
random,44,214,random,6687038.806029628,1050973.7837000762,893418591.7005514,61.716277686782476,,2.446638822555542,0,512x512,4,4,2x2,3,10,1024,{}
random,44,215,random,22542530.04611693,4430544.468251009,1939575935.5369165,10.872590416941065,,2.705197811126709,0,512x512,8,2,8x8,2,10,2048,{}
random,44,216,random,5606117.967553009,1050973.7837000762,1005177951.7005513,61.716277686782476,,2.0118069648742676,0,512x512,6,4,2x2,1,20,2048,{}
random,44,217,random,15812342.186070975,4931765.080326505,1439885429.9636033,226.78642316034464,,2.5524940490722656,0,256x256,6,3,4x4,2,40,2048,{}
random,44,218,random,14214895.287591938,2699413.1621822165,1152943099.0836034,31.308010136344617,,2.5901708602905273,0,256x256,8,4,4x4,1,10,1024,{}
random,44,219,random,15311517.686498176,2305871.6484396267,1067673108.2298399,41.83287987120663,,2.368288993835449,0,512x512,7,4,4x4,2,20,2048,{}
random,44,220,random,16904134.934398238,3173273.222977087,1213569040.13384,63.63041267120662,,2.7128891944885254,0,512x512,6,2,4x4,0,20,512,{}
random,44,221,random,5274467.986351509,835727.9426917456,884958721.4925516,36.483308086782486,,2.1888630390167236,0,512x512,7,2,2x2,1,20,1024,{}
random,44,222,random,5192417.464182443,1920521.5611562848,1005056583.1245512,59.06970648678248,,2.4092888832092285,0,512x512,6,1,2x2,1,40,1024,{}
random,44,223,random,11804058.411406048,2686115.3054760257,1152769715.4036033,27.529939736344616,,2.5889551639556885,0,256x256,8,2,4x4,0,40,512,{}
random,44,224,random,6149609.0434823865,2145356.7062805803,1390413095.8149137,221.58763127750822,,2.6151020526885986,0,256x256,6,3,2x2,0,20,2048,{}
random,44,225,random,28741741.64260151,6853831.857660688,2081870975.5369163,75.36158742494106,,3.0673458576202393,0,512x512,4,2,8x8,1,40,2048,{}
random,44,226,random,4282249.504234631,707248.3120373482,1118552359.8149135,25.52336250950817,,2.6620969772338867,0,256x256,8,3,2x2,3,20,2048,{}
random,44,227,random,42285568.123333335,17253071.6397539,1642445583.090589,247.58197395759717,,3.180102825164795,0,256x256,4,2,8x8,1,40,2048,{}
random,44,228,random,6213867.502367057,1329213.4080361456,1005073921.4925513,59.44778808678249,,2.5426297187805176,0,512x512,6,2,2x2,2,10,512,{}
random,44,229,random,42176784.19540427,17253071.6397539,1887877903.090589,247.58197395759717,,3.393286943435669,0,256x256,6,2,8x8,2,80,512,{}
random,44,230,random,32620346.396297943,11143106.471518511,1509598802.674589,30.215839525597165,,3.787907838821411,0,256x256,8,1,8x8,2,40,2048,{}
random,44,231,random,4536374.966967046,713582.3728580761,884993398.2285513,37.23947128678249,,2.1620450019836426,0,512x512,7,3,2x2,0,40,1024,{}
random,44,232,random,13741444.954429857,3825636.247186465,1239809019.0836034,141.1924967603446,,3.241870880126953,0,256x256,7,4,4x4,2,80,1024,{}
random,44,233,random,26817457.122776687,6025189.148559784,2062169379.376916,46.20600182494107,,2.7843399047851562,0,512x512,7,1,8x8,0,10,2048,{}
random,44,234,random,4946059.567552978,1050973.7837000762,1005177951.7005513,61.716277686782476,,2.266779899597168,0,512x512,6,4,2x2,0,40,2048,{}
random,44,235,random,38257751.10501649,13994336.11682139,1624171655.9225888,152.52388435759715,,3.2797319889068604,0,256x256,7,3,8x8,1,40,2048,{}
random,44,236,random,8166539.053915997,2911707.225850988,1213953880.9669135,220.3439992775082,,2.5235321521759033,0,256x256,4,2,2x2,1,10,512,{}
random,44,237,random,42331480.86680511,19111511.34162109,1642407506.674589,246.8972587575972,,3.618831157684326,0,256x256,4,1,8x8,2,80,1024,{}
random,44,238,random,8232077.343955043,1679778.188230988,1200764760.9669135,133.09151927750816,,2.378883123397827,0,256x256,7,2,2x2,0,10,2048,{}
random,44,239,random,27802679.47101802,6025189.148559784,2062169379.376916,46.20600182494107,,2.9385271072387695,0,512x512,7,1,8x8,3,10,1024,{}
random,44,240,random,18440334.983713593,3849696.154141408,1077683642.1178398,63.220881471206624,,2.188724994659424,0,512x512,4,1,4x4,2,10,2048,{}
random,44,241,random,14370618.58254172,1698550.3279874078,1004164538.11784,8.718316719206628,,1.9757609367370605,0,512x512,8,1,4x4,1,10,512,{}
random,44,242,random,5277082.366539289,2159155.28117978,1390522565.5109138,224.07489527750815,,2.4634780883789062,0,256x256,6,4,2x2,3,20,1024,{}
random,44,243,random,5194390.341135568,1920521.5611562848,893297223.1245514,59.06970648678248,,1.654472827911377,0,512x512,4,1,2x2,1,40,512,{}
random,44,244,random,15239384.325523555,4946578.093523305,1253735419.0836034,229.3051367603446,,2.433194160461426,0,256x256,4,4,4x4,2,80,512,{}
random,44,245,random,5663717.5687249405,446724.43596553215,832943199.7005515,10.112999718782488,,2.037722110748291,0,512x512,8,4,2x2,3,10,2048,{}
random,44,246,random,16816516.315013733,2837962.093420527,1213611196.1658404,64.44947507120662,,2.348933219909668,0,512x512,6,3,4x4,1,20,512,{}
random,44,247,random,16819151.522044983,2856008.628690927,1213695508.22984,66.08759987120662,,2.007026195526123,0,512x512,6,4,4x4,0,20,1024,{}
random,44,248,random,3764164.9757909034,1679778.188230988,1200764760.9669135,133.09151927750816,,2.5797278881073,0,256x256,7,2,2x2,2,80,512,{}
random,44,249,random,5039510.053915841,2911707.225850988,1390358360.9669135,220.3439992775082,,2.3618037700653076,0,256x256,6,2,2x2,0,40,512,{}
random,44,250,random,8545626.733912094,2145356.7062805803,1390413095.8149137,221.58763127750822,,2.613068103790283,0,256x256,6,3,2x2,0,10,512,{}
random,44,251,random,11978051.12673269,1711464.6973871668,1004312084.2298402,11.585035119206628,,1.878558874130249,0,512x512,8,4,4x4,2,80,1024,{}
random,44,252,random,12977045.926732577,1711464.6973871668,1004312084.2298402,11.585035119206628,,2.2690930366516113,0,512x512,8,4,4x4,2,20,1024,{}
random,44,253,random,3559405.1687249965,446724.43596553215,832943199.7005515,10.112999718782488,,2.2108540534973145,1,512x512,8,4,2x2,3,80,2048,{}
random,44,254,random,12225667.488414628,2699413.1621822165,1152943099.0836034,31.308010136344617,,3.0775439739227295,0,256x256,8,4,4x4,3,40,2048,{}
random,44,255,random,28665713.505638916,6494229.481494131,2081952567.856916,76.27499862494106,,3.3546628952026367,0,512x512,4,3,8x8,1,40,512,{}
random,44,256,random,4907054.193492494,2145356.7062805803,1214008615.8149135,221.58763127750822,,3.0023272037506104,0,256x256,4,3,2x2,2,20,512,{}
random,44,257,random,4533989.193255705,1679778.188230988,1200764760.9669135,133.09151927750816,,2.3816070556640625,0,256x256,7,2,2x2,1,40,2048,{}
random,44,258,random,3531572.219869547,716152.2491661077,1118470257.5429137,23.657914509508167,,2.6212620735168457,0,256x256,8,1,2x2,0,80,512,{}
random,44,259,random,26169613.66462326,5586894.207144911,2062454952.496916,49.402941024941065,,2.7503390312194824,0,512x512,7,4,8x8,3,40,2048,{}
random,44,260,random,12934401.527904397,1711464.6973871668,1004312084.2298402,11.585035119206628,,2.292052984237671,0,512x512,8,4,4x4,0,20,2048,{}
random,44,261,random,14208019.287591938,2684600.1489854166,1152827509.9636033,28.789296536344615,,2.6417829990386963,0,256x256,8,3,4x4,1,10,1024,{}
random,44,262,random,16274920.541429738,3173273.222977087,1077704720.13384,63.63041267120662,,2.1786348819732666,0,512x512,4,2,4x4,2,40,1024,{}
random,44,263,random,7728454.039699946,716152.2491661077,1118470257.5429137,23.657914509508167,,2.5514748096466064,0,256x256,8,1,2x2,0,10,2048,{}
random,44,264,random,18095779.925561186,2837962.093420527,1213611196.1658404,64.44947507120662,,1.8927369117736816,0,512x512,6,3,4x4,0,10,2048,{}
random,44,265,random,16235231.334398204,3173273.222977087,1077704720.13384,63.63041267120662,,1.6497039794921875,0,512x512,4,2,4x4,3,80,512,{}
random,44,266,random,4738489.282982683,1035970.5633224761,893349238.2285513,60.20395128678248,,1.5179402828216553,0,512x512,4,3,2x2,2,40,512,{}
random,44,267,random,15210205.043920463,2287825.113169227,1067588796.1658399,40.19475507120662,,1.6186859607696533,0,512x512,7,3,4x4,3,40,1024,{}
random,44,268,random,27657775.026606873,5719747.506933869,2062210175.5369163,46.66270742494106,,2.4022340774536133,0,512x512,7,2,8x8,3,10,1024,{}
random,44,269,random,5036682.363486153,2911707.225850988,1213953880.9669135,220.3439992775082,,2.8592450618743896,0,256x256,4,2,2x2,0,40,2048,{}
random,44,270,random,14305759.286498193,2305871.6484396267,1067673108.2298399,41.83287987120663,,2.1572792530059814,0,512x512,7,4,4x4,0,80,2048,{}
random,44,271,random,6618726.65012367,835727.9426917456,884958721.4925516,36.483308086782486,,1.8184950351715088,0,512x512,7,2,2x2,0,10,512,{}
random,44,272,random,4697197.986937432,1329213.4080361456,1005073921.4925513,59.44778808678249,,2.2176871299743652,0,512x512,6,2,2x2,0,80,2048,{}
random,44,273,random,3516834.154665706,716152.2491661077,1118470257.5429137,23.657914509508167,,2.7535972595214844,0,256x256,8,1,2x2,2,40,2048,{}
random,44,274,random,4933414.526263517,2911707.225850988,1390358360.9669135,220.3439992775082,,2.5786731243133545,0,256x256,6,2,2x2,1,40,1024,{}
random,44,275,random,4433811.263010588,1084841.5460518848,884941383.1245514,36.10522648678249,,1.9268879890441895,0,512x512,7,1,2x2,1,80,512,{}
random,44,276,random,14624699.358763982,2287825.113169227,1067588796.1658399,40.19475507120662,,2.3017122745513916,0,512x512,7,3,4x4,0,40,512,{}
random,44,277,random,21983513.582542017,4436627.3449631315,1939535139.3769164,10.415884816941066,,2.6026391983032227,0,512x512,8,1,8x8,0,40,1024,{}
random,44,278,random,15061570.186070438,4931765.080326505,1253619829.9636033,226.78642316034464,,2.7501916885375977,0,256x256,4,3,4x4,0,80,2048,{}
random,44,279,random,18467722.15442979,3825636.247186465,1239809019.0836034,141.1924967603446,,2.827873945236206,0,256x256,7,4,4x4,3,10,1024,{}
random,44,280,random,16254552.944945375,3173273.222977087,1213569040.13384,63.63041267120662,,2.549855947494507,0,512x512,6,2,4x4,1,40,2048,{}
random,44,281,random,21871665.684885476,4436627.3449631315,1939535139.3769164,10.415884816941066,,2.8146610260009766,0,512x512,8,1,8x8,1,80,2048,{}
random,44,282,random,19340090.325523537,4931765.080326505,1439885429.9636033,226.78642316034464,,2.8448588848114014,0,256x256,6,3,4x4,2,10,512,{}
random,44,283,random,4458691.233531624,1359668.67730058,1200819495.8149135,134.33515127750815,,3.0146632194519043,0,256x256,7,3,2x2,1,40,2048,{}
random,44,284,random,6948908.281558601,1050973.7837000762,893418591.7005514,61.716277686782476,,2.0518739223480225,0,512x512,4,4,2x2,0,10,1024,{}
random,44,285,random,4615775.424242106,835727.9426917456,884958721.4925516,36.483308086782486,,1.8237779140472412,0,512x512,7,2,2x2,0,40,512,{}
random,44,286,random,38153266.001304515,14010691.921595788,1624323961.586589,155.26274515759715,,3.525455951690674,0,256x256,7,4,8x8,2,80,512,{}
random,44,287,random,28966126.736741927,6853831.857660688,2081870975.5369163,75.36158742494106,,4.036501884460449,0,512x512,4,2,8x8,1,20,1024,{}
random,44,288,random,15228053.032554805,4931765.080326505,1253619829.9636033,226.78642316034464,,2.965437889099121,0,256x256,4,3,4x4,2,80,1024,{}
random,44,289,random,4581739.96755312,1050973.7837000762,893418591.7005514,61.716277686782476,,2.1637110710144043,0,512x512,4,4,2x2,3,80,2048,{}
random,44,290,random,14621360.643920232,2287825.113169227,1067588796.1658399,40.19475507120662,,1.7974488735198975,0,512x512,7,3,4x4,0,40,1024,{}
random,44,291,random,18279114.934398014,3173273.222977087,1077704720.13384,63.63041267120662,,2.4340507984161377,0,512x512,4,2,4x4,2,10,512,{}
random,44,292,random,16555724.886498602,2305871.6484396267,1067673108.2298399,41.83287987120663,,2.0155909061431885,0,512x512,7,4,4x4,0,10,2048,{}
random,44,293,random,4933414.526263517,2911707.225850988,1213953880.9669135,220.3439992775082,,2.565559148788452,0,256x256,4,2,2x2,1,40,1024,{}
random,44,294,random,22490042.524388753,4430253.917421347,1939657527.8569164,11.786001616941066,,3.2264370918273926,0,512x512,8,3,8x8,2,10,1024,{}
random,44,295,random,15940196.544945117,3173273.222977087,1213569040.13384,63.63041267120662,,2.567708969116211,0,512x512,6,2,4x4,2,80,2048,{}
random,44,296,random,18128743.42614038,4931765.080326505,1439885429.9636033,226.78642316034464,,3.060065984725952,0,256x256,6,3,4x4,0,10,2048,{}
random,44,297,random,4141783.4239511276,1359668.67730058,1200819495.8149135,134.33515127750815,,2.6005611419677734,0,256x256,7,3,2x2,3,40,2048,{}
random,44,298,random,21833381.426732518,4430253.917421347,1939657527.8569164,11.786001616941066,,2.799633264541626,0,512x512,8,3,8x8,3,80,2048,{}
random,44,299,random,42176784.19540427,17253071.6397539,1642445583.090589,247.58197395759717,,3.1403121948242188,0,256x256,4,2,8x8,2,80,512,{}
random,44,300,random,28745605.136742134,6853831.857660688,2081870975.5369163,75.36158742494106,,2.941133737564087,0,512x512,4,2,8x8,2,40,1024,{}
random,44,301,random,28799530.081369825,7578538.385046603,2081830179.376916,74.90488182494107,,2.9518210887908936,0,512x512,4,1,8x8,0,80,2048,{}
random,44,302,random,6124276.00602961,1035970.5633224761,1005108598.2285513,60.20395128678248,,2.2113780975341797,0,512x512,6,3,2x2,2,10,1024,{}
random,44,303,random,16720421.786057858,1698550.3279874078,1004164538.11784,8.718316719206628,,2.7248008251190186,0,512x512,8,1,4x4,3,10,2048,{}
random,44,304,random,16294512.632555299,4946578.093523305,1440001019.0836034,229.3051367603446,,3.304007053375244,0,256x256,6,4,4x4,1,20,1024,{}
random,44,305,random,16442969.780198436,3849696.154141408,1077683642.1178398,63.220881471206624,,2.680452823638916,0,512x512,4,1,4x4,2,40,1024,{}
random,44,306,random,5975917.75363933,431701.84715030564,832839169.4925516,7.8445101187824875,,2.640166759490967,0,512x512,8,2,2x2,0,10,1024,{}
random,44,307,random,4230274.707054598,431701.84715030564,832839169.4925516,7.8445101187824875,,2.1601340770721436,0,512x512,8,2,2x2,2,20,512,{}
random,44,308,random,3593562.287670185,446724.43596553215,832943199.7005515,10.112999718782488,,2.320183038711548,0,512x512,8,4,2x2,1,80,512,{}
random,44,309,random,22643491.284886044,4436627.3449631315,1939535139.3769164,10.415884816941066,,3.344170093536377,0,512x512,8,1,8x8,0,10,2048,{}
random,44,310,random,33482845.294663988,11148534.397241248,1509865337.586589,35.008845925597164,,3.647214889526367,0,256x256,8,4,8x8,0,10,1024,{}
random,44,311,random,39418643.601304576,14010691.921595788,1624323961.586589,155.26274515759715,,4.29275107383728,0,256x256,7,4,8x8,1,10,512,{}
random,44,312,random,13772824.026180625,4828817.613848307,1239606738.1236033,136.7847479603446,,3.3508989810943604,0,256x256,7,1,4x4,1,80,2048,{}
random,44,313,random,12227865.134899003,2699413.1621822165,1152943099.0836034,31.308010136344617,,2.997248888015747,0,256x256,8,4,4x4,3,40,512,{}
random,44,314,random,4412433.824242116,835727.9426917456,884958721.4925516,36.483308086782486,,2.852013111114502,0,512x512,7,2,2x2,2,40,512,{}
random,44,315,random,28555452.705639157,6494229.481494131,2081952567.856916,76.27499862494106,,3.565865993499756,0,512x512,4,3,8x8,2,80,512,{}
random,44,316,random,14376605.905882696,2427376.4603257873,1067546640.1338401,39.37569267120663,,2.4711570739746094,0,512x512,7,2,4x4,0,80,2048,{}
random,44,317,random,42020786.98763264,16342836.205076309,1888106361.586589,251.6902651575972,,3.8036141395568848,0,256x256,6,4,8x8,0,80,1024,{}
random,44,318,random,18353724.180197984,3849696.154141408,1213547962.1178398,63.220881471206624,,2.4214162826538086,0,512x512,6,1,4x4,0,10,1024,{}
random,44,319,random,34098015.20946697,11134068.811163003,1509636879.090589,30.900554725597164,,3.804807186126709,0,256x256,8,2,8x8,2,10,512,{}
random,44,320,random,19580199.26524302,7362470.008665147,1439798738.1236033,224.8973879603446,,3.2228751182556152,0,256x256,6,1,4x4,2,10,2048,{}
random,44,321,random,28665174.517357666,6511346.114991731,2082115752.496916,78.10182102494106,,3.789128303527832,0,512x512,4,4,8x8,0,40,1024,{}
random,44,322,random,16115074.973167017,3849696.154141408,1077683642.1178398,63.220881471206624,,2.5918941497802734,0,512x512,4,1,4x4,2,80,512,{}
random,44,323,random,17300972.58607089,4946578.093523305,1440001019.0836034,229.3051367603446,,3.4962778091430664,0,256x256,6,4,4x4,3,20,2048,{}
random,44,324,random,16294512.632555299,4946578.093523305,1253735419.0836034,229.3051367603446,,3.202306032180786,0,256x256,4,4,4x4,1,20,1024,{}
random,44,325,random,4174401.9339119485,2159155.28117978,1214118085.5109136,224.07489527750815,,2.966776132583618,0,256x256,4,4,2x2,3,80,512,{}
random,44,326,random,16573332.726732738,1711464.6973871668,1004312084.2298402,11.585035119206628,,2.2844760417938232,0,512x512,8,4,4x4,3,10,1024,{}
random,44,327,random,30522851.576486763,7578538.385046603,2344793379.3769155,74.90488182494107,,2.8810880184173584,0,512x512,6,1,8x8,3,10,512,{}
random,44,328,random,39994480.66474052,14381431.241073383,1624095503.090589,151.15445395759716,,3.9272220134735107,0,256x256,7,2,8x8,3,20,2048,{}
random,44,329,random,15016213.648445986,4828817.613848307,1239606738.1236033,136.7847479603446,,3.2734880447387695,0,256x256,7,1,4x4,1,20,512,{}
random,44,330,random,21770704.44611668,4430544.468251009,1939575935.5369165,10.872590416941065,,3.2634286880493164,0,512x512,8,2,8x8,2,80,2048,{}
random,44,331,random,4317070.003493767,4448843.521209404,1213926513.5429137,219.72218327750815,,2.8239879608154297,0,256x256,4,1,2x2,2,80,2048,{}
random,44,332,random,21826890.62673252,4430253.917421347,1939657527.8569164,11.786001616941066,,3.3954689502716064,0,512x512,8,3,8x8,2,40,2048,{}
random,44,333,random,38621335.549618326,15160878.712540573,1624057426.674589,150.46973875759716,,4.068893194198608,0,256x256,7,1,8x8,2,40,1024,{}
random,44,334,random,28543862.223217282,6494229.481494131,2344915767.856916,76.27499862494106,,3.160475730895996,0,512x512,6,3,8x8,0,80,2048,{}
random,44,335,random,21986687.777854517,4436627.3449631315,1939535139.3769164,10.415884816941066,,3.0663881301879883,0,512x512,8,1,8x8,1,40,512,{}
random,44,336,random,28927872.163791686,7578538.385046603,2344793379.3769155,74.90488182494107,,2.9890267848968506,0,512x512,6,1,8x8,3,80,512,{}
random,44,337,random,17995233.52204496,2856008.628690927,1213695508.22984,66.08759987120662,,2.4892871379852295,0,512x512,6,4,4x4,3,20,1024,{}
random,44,338,random,28554913.717357907,6511346.114991731,2082115752.496916,78.10182102494106,,3.3298139572143555,0,512x512,4,4,8x8,2,80,1024,{}
random,44,339,random,29319551.317357473,6494229.481494131,2081952567.856916,76.27499862494106,,3.804971218109131,0,512x512,4,3,8x8,2,10,1024,{}
random,44,340,random,13978488.569274059,3825636.247186465,1239809019.0836034,141.1924967603446,,3.0683650970458984,0,256x256,7,4,4x4,1,40,512,{}
random,44,341,random,4329215.693492557,2159155.28117978,1214118085.5109136,224.07489527750815,,3.1207120418548584,0,256x256,4,4,2x2,1,80,512,{}
random,44,342,random,4448391.253216638,2911707.225850988,1213953880.9669135,220.3439992775082,,2.6674859523773193,0,256x256,4,2,2x2,0,80,512,{}
random,44,343,random,14026464.426180556,4828817.613848307,1239606738.1236033,136.7847479603446,,2.766227960586548,0,256x256,7,1,4x4,3,80,2048,{}
random,44,344,random,29403306.442601305,6853831.857660688,2344834175.536916,75.36158742494106,,3.806731939315796,0,512x512,6,2,8x8,1,10,2048,{}
random,44,345,random,25935467.26462316,5569777.573647311,2062291767.856916,47.57611862494107,,3.7949812412261963,0,512x512,7,3,8x8,3,80,2048,{}
random,44,346,random,11450897.516415102,2693906.9441276425,1152740818.1236033,26.90026133634462,,4.188782215118408,0,256x256,8,1,4x4,1,80,1024,{}
random,44,347,random,42859129.0356806,16342836.205076309,1888106361.586589,251.6902651575972,,4.503695726394653,0,256x256,6,4,8x8,3,40,512,{}
random,44,348,random,26599400.07126373,5569777.573647311,2062291767.856916,47.57611862494107,,3.8693950176239014,0,512x512,7,3,8x8,1,10,512,{}
random,44,349,random,8552490.733912094,2159155.28117978,1214118085.5109136,224.07489527750815,,2.9601290225982666,0,256x256,4,4,2x2,0,10,512,{}
random,44,350,random,6504649.463010633,1084841.5460518848,884941383.1245514,36.10522648678249,,2.1880300045013428,0,512x512,7,1,2x2,3,10,512,{}
random,44,351,random,43913290.963609345,16326480.400301907,1887954055.922589,248.95140435759717,,3.667419910430908,0,256x256,6,3,8x8,2,10,2048,{}
random,44,352,random,15046824.186070437,4931765.080326505,1253619829.9636033,226.78642316034464,,2.8906517028808594,0,256x256,4,3,4x4,1,80,2048,{}
random,44,353,random,4583041.608373297,431721.2155879321,832873846.2285514,8.600673318782485,,2.8166449069976807,0,512x512,8,3,2x2,0,20,1024,{}
random,44,354,random,11715616.334899025,2684600.1489854166,1152827509.9636033,28.789296536344615,,3.4799699783325195,0,256x256,8,3,4x4,1,40,512,{}
random,44,355,random,26616342.464623112,5569777.573647311,2062291767.856916,47.57611862494107,,3.989727258682251,0,512x512,7,3,8x8,3,20,2048,{}
random,44,356,random,11721087.237242775,2699413.1621822165,1152943099.0836034,31.308010136344617,,3.637014150619507,0,256x256,8,4,4x4,1,40,1024,{}
random,44,357,random,4776673.845711748,4448843.521209404,1213926513.5429137,219.72218327750815,,2.886516809463501,0,256x256,4,1,2x2,3,40,1024,{}
random,44,358,random,14381613.97814832,2427376.4603257873,1067546640.1338401,39.37569267120663,,2.314089059829712,0,512x512,7,2,4x4,0,80,512,{}
random,44,359,random,4536907.966539442,2159155.28117978,1390522565.5109138,224.07489527750815,,2.602391004562378,0,256x256,6,4,2x2,3,40,1024,{}
random,44,360,random,15852643.515013758,2837962.093420527,1077746876.16584,64.44947507120662,,2.5994718074798584,0,512x512,4,3,4x4,0,80,512,{}
random,44,361,random,28886235.105638716,6494229.481494131,2344915767.856916,76.27499862494106,,3.025799036026001,0,512x512,6,3,8x8,0,20,512,{}
random,44,362,random,43873119.387632534,16342836.205076309,1888106361.586589,251.6902651575972,,3.190654993057251,0,256x256,6,4,8x8,3,20,1024,{}
random,44,363,random,5769754.0688831415,721046.8869365482,1118661829.5109136,28.010626509508167,,3.0636470317840576,0,256x256,8,4,2x2,3,10,1024,{}
random,44,364,random,13555448.037242614,2699413.1621822165,1152943099.0836034,31.308010136344617,,2.598155975341797,0,256x256,8,4,4x4,3,20,1024,{}
random,44,365,random,16864339.944651086,2712279.8266901076,1067525562.1178398,38.966161471206625,,2.3221418857574463,0,512x512,7,1,4x4,2,10,2048,{}
random,44,366,random,6937491.541135628,1920521.5611562848,893297223.1245514,59.06970648678248,,2.282541036605835,0,512x512,4,1,2x2,3,10,512,{}
random,44,367,random,4318012.56697033,4448843.521209404,1390330993.5429137,219.72218327750815,,2.9564828872680664,0,256x256,6,1,2x2,2,80,1024,{}
random,44,368,random,26165544.87126388,5586894.207144911,2062454952.496916,49.402941024941065,,3.3860867023468018,0,512x512,7,4,8x8,0,20,512,{}
random,44,369,random,15852577.925560635,2837962.093420527,1077746876.16584,64.44947507120662,,2.330310106277466,0,512x512,4,3,4x4,2,80,2048,{}
random,44,370,random,28803393.57551045,7578538.385046603,2081830179.376916,74.90488182494107,,2.9094841480255127,0,512x512,4,1,8x8,2,80,1024,{}
random,44,371,random,16985315.78607096,4931765.080326505,1253619829.9636033,226.78642316034464,,3.092723846435547,0,256x256,4,3,4x4,2,20,2048,{}
random,44,372,random,17385175.485248063,5740412.947882585,1439827635.4036036,225.52706636034463,,2.875519037246704,0,256x256,6,2,4x4,3,20,512,{}
random,44,373,random,16455598.169273572,3825636.247186465,1239809019.0836034,141.1924967603446,,2.612514019012451,0,256x256,7,4,4x4,1,10,512,{}
random,44,374,random,5072636.84802187,713582.3728580761,884993398.2285513,37.23947128678249,,2.170254945755005,0,512x512,7,3,2x2,3,20,2048,{}
random,44,375,random,16229526.188763827,2699413.1621822165,1152943099.0836034,31.308010136344617,,3.315402030944824,0,256x256,8,4,4x4,3,10,2048,{}
random,44,376,random,6362295.715367564,1359668.67730058,1200819495.8149135,134.33515127750815,,3.234224796295166,0,256x256,7,3,2x2,3,10,512,{}
random,44,377,random,43112997.64278307,19111511.34162109,1642407506.674589,246.8972587575972,,4.302085876464844,0,256x256,4,1,8x8,2,20,2048,{}
random,44,378,random,42593489.38763378,16342836.205076309,1642674041.586589,251.6902651575972,,3.5460779666900635,0,256x256,4,4,8x8,1,20,1024,{}
random,44,379,random,39487005.56102959,14381431.241073383,1624095503.090589,151.15445395759716,,3.9273648262023926,0,256x256,7,2,8x8,1,10,512,{}
random,44,380,random,28547725.717357907,6494229.481494131,2081952567.856916,76.27499862494106,,3.237870931625366,0,512x512,4,3,8x8,2,80,1024,{}
random,44,381,random,4879969.033531477,1359668.67730058,1200819495.8149135,134.33515127750815,,2.784398078918457,0,256x256,7,3,2x2,3,20,2048,{}
random,44,382,random,13389389.11641478,2693906.9441276425,1152740818.1236033,26.90026133634462,,2.9519431591033936,0,256x256,8,1,4x4,2,20,1024,{}
random,44,383,random,4955926.287201095,1679778.188230988,1200764760.9669135,133.09151927750816,,2.6077280044555664,0,256x256,7,2,2x2,3,20,1024,{}
random,44,384,random,29407169.93674193,6853831.857660688,2081870975.5369163,75.36158742494106,,3.6478772163391113,0,512x512,4,2,8x8,2,10,1024,{}
random,44,385,random,28635344.336741496,6853831.857660688,2081870975.5369163,75.36158742494106,,3.1434502601623535,0,512x512,4,2,8x8,2,80,1024,{}
random,44,386,random,4613565.612787027,2911707.225850988,1390358360.9669135,220.3439992775082,,3.317673921585083,0,256x256,6,2,2x2,3,40,2048,{}
random,44,387,random,12539854.437242623,2684600.1489854166,1152827509.9636033,28.789296536344615,,2.951378107070923,0,256x256,8,3,4x4,1,20,1024,{}
random,44,388,random,5911202.394253846,431721.2155879321,832873846.2285514,8.600673318782485,,2.8448057174682617,0,512x512,8,3,2x2,1,10,2048,{}
random,44,389,random,3906259.8277577213,431701.84715030564,832839169.4925516,7.8445101187824875,,2.425570249557495,1,512x512,8,2,2x2,3,40,1024,{}
random,44,390,random,17988045.52204496,2837962.093420527,1077746876.16584,64.44947507120662,,2.9911768436431885,0,512x512,4,3,4x4,3,20,1024,{}
random,44,391,random,15228053.032554805,4931765.080326505,1439885429.9636033,226.78642316034464,,2.796049118041992,0,256x256,6,3,4x4,2,80,1024,{}
random,44,392,random,15466611.78607095,4946578.093523305,1253735419.0836034,229.3051367603446,,2.8537490367889404,0,256x256,4,4,4x4,1,40,2048,{}
random,44,393,random,4884439.68298266,1050973.7837000762,893418591.7005514,61.716277686782476,,2.217593193054199,0,512x512,4,4,2x2,3,40,512,{}
random,44,394,random,6933116.258511726,1035970.5633224761,1005108598.2285513,60.20395128678248,,2.262356996536255,0,512x512,6,3,2x2,1,10,512,{}
random,44,395,random,26158845.2583231,6025189.148559784,2062169379.376916,46.20600182494107,,3.4987828731536865,0,512x512,7,1,8x8,0,40,1024,{}
random,44,396,random,32289201.573836587,11143106.471518511,1509598802.674589,30.215839525597165,,4.098834991455078,0,256x256,8,1,8x8,1,80,1024,{}
random,44,397,random,26054490.329416707,6025189.148559784,2062169379.376916,46.20600182494107,,3.421372890472412,0,512x512,7,1,8x8,0,80,512,{}
random,44,398,random,16755778.725561144,2837962.093420527,1077746876.16584,64.44947507120662,,2.6257400512695312,0,512x512,4,3,4x4,3,40,2048,{}
random,44,399,random,4662170.58693729,1329213.4080361456,893314561.4925516,59.44778808678249,,2.2150206565856934,0,512x512,4,2,2x2,3,80,2048,{}
random,44,400,random,12459864.182542011,1698550.3279874078,1004164538.11784,8.718316719206628,,2.9297688007354736,0,512x512,8,1,4x4,2,40,512,{}
random,44,401,random,11354942.694622947,2686115.3054760257,1152769715.4036033,27.529939736344616,,3.0704519748687744,0,256x256,8,2,4x4,1,80,512,{}
random,44,402,random,18358276.973166734,3849696.154141408,1077683642.1178398,63.220881471206624,,2.7392780780792236,0,512x512,4,1,4x4,0,10,512,{}
random,44,403,random,11322981.63724248,2699413.1621822165,1152943099.0836034,31.308010136344617,,3.2768051624298096,0,256x256,8,4,4x4,0,80,1024,{}
random,44,404,random,4610565.806029542,1035970.5633224761,1005108598.2285513,60.20395128678248,,2.3571770191192627,0,512x512,6,3,2x2,0,80,1024,{}
random,44,405,random,42268012.11485206,19111511.34162109,1642407506.674589,246.8972587575972,,4.009981155395508,0,256x256,4,1,8x8,0,80,512,{}
random,44,406,random,4872707.067406189,835727.9426917456,884958721.4925516,36.483308086782486,,2.347264051437378,0,512x512,7,2,2x2,2,20,2048,{}
random,44,407,random,20535478.144945305,3173273.222977087,1077704720.13384,63.63041267120662,,2.496547222137451,0,512x512,4,2,4x4,3,10,2048,{}
random,44,408,random,34190839.196297556,11143106.471518511,1509598802.674589,30.215839525597165,,3.595696210861206,0,256x256,8,1,8x8,2,10,2048,{}
random,44,409,random,16762966.725561144,2856008.628690927,1213695508.22984,66.08759987120662,,2.5807321071624756,0,512x512,6,4,4x4,3,40,2048,{}
random,44,410,random,15232448.325523555,4931765.080326505,1439885429.9636033,226.78642316034464,,2.6366841793060303,0,256x256,6,3,4x4,2,80,512,{}
random,44,411,random,22497230.524388753,4447370.550918947,1939820712.4969165,13.612824016941065,,3.3421292304992676,0,512x512,8,4,8x8,0,10,1024,{}
random,44,412,random,5483004.367553122,1050973.7837000762,1005177951.7005513,61.716277686782476,,2.786669969558716,0,512x512,6,4,2x2,3,20,2048,{}
random,44,413,random,28753332.125023387,6853831.857660688,2344834175.536916,75.36158742494106,,4.095247030258179,0,512x512,6,2,8x8,2,40,512,{}
random,44,414,random,4507783.827757676,431701.84715030564,832839169.4925516,7.8445101187824875,,2.811760902404785,0,512x512,8,2,2x2,3,20,1024,{}
random,44,415,random,4761170.464182462,1920521.5611562848,893297223.1245514,59.06970648678248,,2.534627676010132,0,512x512,4,1,2x2,2,80,1024,{}
random,44,416,random,4191380.506649277,2324432.466309404,1200737393.5429137,132.46970327750816,,3.5086891651153564,0,256x256,7,1,2x2,0,80,1024,{}
random,44,417,random,25931929.400170036,5569777.573647311,2062291767.856916,47.57611862494107,,3.373526096343994,0,512x512,7,3,8x8,1,40,1024,{}
random,44,418,random,5202938.448021729,728585.5932356762,885062751.7005514,38.75179768678249,,2.022899866104126,0,512x512,7,4,2x2,1,20,2048,{}
random,44,419,random,5606117.967553009,1050973.7837000762,893418591.7005514,61.716277686782476,,2.3842921257019043,0,512x512,4,4,2x2,1,20,2048,{}
random,44,420,random,4101336.6480217557,713582.3728580761,884993398.2285513,37.23947128678249,,2.3194048404693604,0,512x512,7,3,2x2,2,80,2048,{}
random,44,421,random,8086907.043482402,2159155.28117978,1214118085.5109136,224.07489527750815,,2.696202039718628,0,256x256,4,4,2x2,1,10,2048,{}
random,44,422,random,29327278.305638723,6494229.481494131,2081952567.856916,76.27499862494106,,3.329010248184204,0,512x512,4,3,8x8,0,10,512,{}
random,44,423,random,44171181.71485235,19111511.34162109,1642407506.674589,246.8972587575972,,3.6350889205932617,0,256x256,4,1,8x8,2,10,512,{}
random,44,424,random,5857557.141135601,1920521.5611562848,1005056583.1245512,59.06970648678248,,2.3032209873199463,0,512x512,6,1,2x2,1,20,512,{}
random,44,425,random,26227532.684007708,5719747.506933869,2062210175.5369163,46.66270742494106,,3.326328992843628,0,512x512,7,2,8x8,2,20,2048,{}
random,44,426,random,40053869.56102961,14381431.241073383,1624095503.090589,151.15445395759716,,4.529616832733154,0,256x256,7,2,8x8,2,10,512,{}
random,44,427,random,4575292.567896454,1373467.2521997802,1200928965.5109136,136.82241527750816,,2.5667247772216797,0,256x256,7,4,2x2,0,40,1024,{}
random,44,428,random,13547779.48841449,2684600.1489854166,1152827509.9636033,28.789296536344615,,2.6222448348999023,0,256x256,8,3,4x4,3,20,2048,{}
random,44,429,random,3421078.058603367,708737.872341068,1118497624.9669137,24.27973050950817,,2.4845070838928223,0,256x256,8,2,2x2,2,40,512,{}
random,44,430,random,3742280.4268778004,436485.5739678527,832821831.1245515,7.466428518782486,,2.5411646366119385,1,512x512,8,1,2x2,0,80,2048,{}
random,44,431,random,5689507.902367106,1329213.4080361456,893314561.4925516,59.44778808678249,,2.7321789264678955,0,512x512,4,2,2x2,1,20,512,{}
random,44,432,random,12356626.547289077,1693195.326723247,1004185616.1338401,9.127847919206628,,2.330348014831543,0,512x512,8,2,4x4,2,40,2048,{}
random,44,433,random,4353428.806958827,2159155.28117978,1214118085.5109136,224.07489527750815,,2.7860212326049805,0,256x256,4,4,2x2,2,40,1024,{}
random,44,434,random,42020786.98763264,16342836.205076309,1888106361.586589,251.6902651575972,,4.393854856491089,0,256x256,6,4,8x8,1,80,1024,{}
random,44,435,random,30359291.13207558,6853831.857660688,2344834175.536916,75.36158742494106,,4.2439727783203125,0,512x512,6,2,8x8,3,10,512,{}
random,44,436,random,15269632.08649812,2305871.6484396267,1067673108.2298399,41.83287987120663,,2.61968994140625,0,512x512,7,4,4x4,0,20,2048,{}
random,44,437,random,16169210.722045232,2837962.093420527,1213611196.1658404,64.44947507120662,,2.33410382270813,0,512x512,6,3,4x4,1,40,1024,{}
random,44,438,random,18064332.048446137,4828817.613848307,1239606738.1236033,136.7847479603446,,3.3021018505096436,0,256x256,7,1,4x4,2,10,512,{}
random,44,439,random,16548536.886498602,2287825.113169227,1067588796.1658399,40.19475507120662,,3.3148353099823,0,512x512,7,3,4x4,1,10,2048,{}
random,44,440,random,4173421.204857815,713582.3728580761,884993398.2285513,37.23947128678249,,2.7378180027008057,0,512x512,7,3,2x2,3,80,512,{}
random,44,441,random,21873252.782541726,4436627.3449631315,1939535139.3769164,10.415884816941066,,3.5211362838745117,0,512x512,8,1,8x8,1,80,1024,{}
random,44,442,random,15549364.111727383,7362470.008665147,1253533138.1236033,224.8973879603446,,3.7185299396514893,0,256x256,4,1,4x4,3,80,1024,{}
random,44,443,random,11703805.367586905,2693906.9441276425,1152740818.1236033,26.90026133634462,,3.446275234222412,0,256x256,8,1,4x4,3,80,2048,{}
random,44,444,random,42028246.235679515,16342836.205076309,1642674041.586589,251.6902651575972,,4.486662149429321,0,256x256,4,4,8x8,1,80,512,{}
random,44,445,random,5838887.343954931,1679778.188230988,1200764760.9669135,133.09151927750816,,3.1063060760498047,0,256x256,7,2,2x2,0,20,2048,{}
random,44,446,random,18272285.74494489,3173273.222977087,1077704720.13384,63.63041267120662,,2.243090867996216,0,512x512,4,2,4x4,2,10,2048,{}
random,44,447,random,16274920.541429738,3173273.222977087,1213569040.13384,63.63041267120662,,2.4148011207580566,0,512x512,6,2,4x4,2,40,1024,{}
random,44,448,random,42353987.035680495,16326480.400301907,1887954055.922589,248.95140435759717,,3.541882038116455,0,256x256,6,3,8x8,2,40,512,{}
random,44,449,random,6933116.258511726,1035970.5633224761,893349238.2285513,60.20395128678248,,1.995715856552124,0,512x512,4,3,2x2,1,10,512,{}
random,44,450,random,5657212.487670253,431721.2155879321,832873846.2285514,8.600673318782485,,2.621417999267578,0,512x512,8,3,2x2,3,10,512,{}
random,44,451,random,4403968.71278695,2911707.225850988,1390358360.9669135,220.3439992775082,,2.9842138290405273,0,256x256,6,2,2x2,1,80,2048,{}
random,44,452,random,30262728.427448913,6494229.481494131,2081952567.856916,76.27499862494106,,3.2239720821380615,0,512x512,4,3,8x8,3,10,2048,{}
random,44,453,random,15821475.83255535,4946578.093523305,1440001019.0836034,229.3051367603446,,3.710486888885498,0,256x256,6,4,4x4,2,40,1024,{}
random,44,454,random,7031036.72824865,1329213.4080361456,1005073921.4925513,59.44778808678249,,2.5647077560424805,0,512x512,6,2,2x2,0,10,512,{}
random,44,455,random,6679850.806029628,1035970.5633224761,893349238.2285513,60.20395128678248,,2.2091639041900635,0,512x512,4,3,2x2,3,10,1024,{}
random,44,456,random,13124134.986057824,1698550.3279874078,1004164538.11784,8.718316719206628,,2.4742400646209717,0,512x512,8,1,4x4,2,20,2048,{}
random,44,457,random,28885696.117357466,6511346.114991731,2082115752.496916,78.10182102494106,,3.367382764816284,0,512x512,4,4,8x8,1,20,1024,{}
random,44,458,random,28913654.375510436,7578538.385046603,2344793379.3769155,74.90488182494107,,3.908522129058838,0,512x512,6,1,8x8,1,40,1024,{}
random,44,459,random,28803393.57551045,7578538.385046603,2344793379.3769155,74.90488182494107,,3.6601650714874268,0,512x512,6,1,8x8,0,80,1024,{}
random,44,460,random,14307004.243920071,2287825.113169227,1067588796.1658399,40.19475507120662,,2.8188669681549072,0,512x512,7,3,4x4,2,80,1024,{}
random,44,461,random,4248378.5634860955,2911707.225850988,1390358360.9669135,220.3439992775082,,3.2183420658111572,0,256x256,6,2,2x2,3,80,2048,{}
random,44,462,random,4731858.666526216,436485.5739678527,832821831.1245515,7.466428518782486,,2.8976011276245117,0,512x512,8,1,2x2,1,20,1024,{}
random,44,463,random,5130946.664182619,1920521.5611562848,1005056583.1245512,59.06970648678248,,2.497399091720581,0,512x512,6,1,2x2,3,40,1024,{}
random,44,464,random,20043271.485247593,5740412.947882585,1439827635.4036036,225.52706636034463,,3.1737122535705566,0,256x256,6,2,4x4,3,10,512,{}
random,44,465,random,32715370.04974296,11132178.592466848,1509713031.9225888,32.26998512559716,,4.390357971191406,0,256x256,8,3,8x8,1,20,512,{}
random,44,466,random,4370781.293492555,2159155.28117978,1214118085.5109136,224.07489527750815,,3.1489531993865967,0,256x256,4,4,2x2,0,80,512,{}
random,44,467,random,4431847.383407146,716152.2491661077,1118470257.5429137,23.657914509508167,,3.010133981704712,0,256x256,8,1,2x2,3,20,2048,{}
random,44,468,random,18460786.15442979,3810823.2339896653,1239693429.9636033,138.67378316034458,,3.4988842010498047,0,256x256,7,3,4x4,3,10,1024,{}
random,44,469,random,43931415.83567966,16342836.205076309,1888106361.586589,251.6902651575972,,5.390440940856934,0,256x256,6,4,8x8,2,10,512,{}
random,44,470,random,16285378.986070924,4931765.080326505,1439885429.9636033,226.78642316034464,,3.1186633110046387,0,256x256,6,3,4x4,1,20,2048,{}
random,44,471,random,7593196.756332354,721046.8869365482,1118661829.5109136,28.010626509508167,,3.2998239994049072,0,256x256,8,4,2x2,0,10,2048,{}
random,44,472,random,4182705.1687248633,446724.43596553215,832943199.7005515,10.112999718782488,,2.980648994445801,0,512x512,8,4,2x2,2,20,2048,{}
random,44,473,random,6759335.793492591,2159155.28117978,1214118085.5109136,224.07489527750815,,3.839232921600342,0,256x256,4,4,2x2,3,10,512,{}
random,44,474,random,6022285.253062738,2145356.7062805803,1390413095.8149137,221.58763127750822,,2.96000599861145,0,256x256,6,3,2x2,2,10,2048,{}
random,44,475,random,26379366.858323507,6025189.148559784,2062169379.376916,46.20600182494107,,4.23468804359436,0,512x512,7,1,8x8,0,20,1024,{}
random,44,476,random,6940280.258511727,1050973.7837000762,893418591.7005514,61.716277686782476,,2.910659074783325,0,512x512,4,4,2x2,1,10,512,{}
random,44,477,random,4608517.426877917,436485.5739678527,832821831.1245515,7.466428518782486,,2.4047560691833496,0,512x512,8,1,2x2,3,20,2048,{}
random,44,478,random,18135667.42614038,4946578.093523305,1253735419.0836034,229.3051367603446,,3.1646549701690674,0,256x256,4,4,4x4,0,10,2048,{}
random,44,479,random,16147971.525560616,2856008.628690927,1213695508.22984,66.08759987120662,,2.3193318843841553,0,512x512,6,4,4x4,3,80,2048,{}
random,44,480,random,16534278.511727178,7362470.008665147,1253533138.1236033,224.8973879603446,,2.7894508838653564,0,256x256,4,1,4x4,1,20,1024,{}
random,44,481,random,15466268.725524075,4931765.080326505,1253619829.9636033,226.78642316034464,,2.8803861141204834,0,256x256,4,3,4x4,1,40,512,{}
random,44,482,random,11465643.516415102,2693906.9441276425,1152740818.1236033,26.90026133634462,,3.227774143218994,0,256x256,8,1,4x4,0,80,1024,{}
random,44,483,random,28878508.117357466,6494229.481494131,2081952567.856916,76.27499862494106,,4.000198125839233,0,512x512,4,3,8x8,2,20,1024,{}
random,44,484,random,4165652.8069588235,2145356.7062805803,1214008615.8149135,221.58763127750822,,3.740042209625244,0,256x256,4,3,2x2,3,80,1024,{}
random,44,485,random,17294036.58607089,4931765.080326505,1439885429.9636033,226.78642316034464,,3.2427079677581787,0,256x256,6,3,4x4,3,20,2048,{}
random,44,486,random,15312598.99227936,5740412.947882585,1253562035.4036033,225.52706636034463,,3.9335179328918457,0,256x256,4,2,4x4,2,80,1024,{}
random,44,487,random,3194958.709302584,721046.8869365482,1118661829.5109136,28.010626509508167,,3.156959056854248,1,256x256,8,4,2x2,3,80,1024,{}
random,44,488,random,3550405.9093026654,707248.3120373482,1118552359.8149135,25.52336250950817,,2.674570083618164,1,256x256,8,3,2x2,3,40,1024,{}
random,44,489,random,6030173.566539301,2159155.28117978,1390522565.5109138,224.07489527750815,,3.34790301322937,0,256x256,6,4,2x2,2,10,1024,{}
random,44,490,random,14378275.26330457,2427376.4603257873,1067546640.1338401,39.37569267120663,,2.494417905807495,0,512x512,7,2,4x4,1,80,1024,{}
random,44,491,random,25931929.400170036,5569777.573647311,2062291767.856916,47.57611862494107,,3.6466891765594482,0,512x512,7,3,8x8,0,40,1024,{}
random,44,492,random,16899582.141429488,3173273.222977087,1213569040.13384,63.63041267120662,,3.017042875289917,0,512x512,6,2,4x4,1,20,1024,{}
random,44,493,random,15313187.043920051,2305871.6484396267,1067673108.2298399,41.83287987120663,,3.0426080226898193,0,512x512,7,4,4x4,2,20,1024,{}
random,44,494,random,28748232.442601506,6853831.857660688,2081870975.5369163,75.36158742494106,,3.5251669883728027,0,512x512,4,2,8x8,3,80,2048,{}
random,44,495,random,3868127.468883177,721046.8869365482,1118661829.5109136,28.010626509508167,,3.597163677215576,0,256x256,8,4,2x2,1,40,1024,{}
random,44,496,random,13028340.986057382,1698550.3279874078,1004164538.11784,8.718316719206628,,3.0820131301879883,0,512x512,8,1,4x4,3,40,2048,{}
random,44,497,random,14356323.067463694,2693906.9441276425,1152740818.1236033,26.90026133634462,,3.4168989658355713,0,256x256,8,1,4x4,1,10,1024,{}
random,44,498,random,38476708.98418866,15160878.712540573,1624057426.674589,150.46973875759716,,4.032433748245239,0,256x256,7,1,8x8,1,40,2048,{}
random,44,499,random,43091435.66680638,19111511.34162109,1642407506.674589,246.8972587575972,,3.653033971786499,0,256x256,4,1,8x8,3,40,1024,{}
random,44,500,random,6579935.006649341,2324432.466309404,1200737393.5429137,132.46970327750816,,2.552290916442871,0,256x256,7,1,2x2,3,10,1024,{}
